850287
850288
850290
850291
850295
850296
850297
850298
850300
850301
850302
850303
850304
850305
850306
850307
850308
850309
850310
850312
850313
850314
850315
850317
850318
850319
850320
850321
850322
850323
850324
850325
850326
850327
850328
850329
850330
850331
850332
850333
850334
850343
850344
850345
850346
850347
850348
850349
850351
850352
850353
850354
850355
850356
850358
850359
850360
850361
850364
850366
850367
850368
850369
850370
850372
850373
850375
850376
850377
850381
850382
850383
850384
850385
850387
850388
850389
850391
850392
850394
850395
850396
850397
850398
850399
850400
850401
850402
850403
850406
850410
850411
850412
850413
850414
850415
850417
850418
850419
850420
850421
850422
850423
850424
850425
850427
850429
850430
850431
850432
850433
850434
850435
850436
850437
850438
850439
850440
850441
850442
850443
850444
850447
850449
850450
850451
850452
850453
850454
850455
850456
850457
850459
850462
850463
850464
850465
850466
850468
850469
850470
850471
850476
850479
850480
850483
850484
850486
850487
850488
850489
850490
850491
850492
850493
850494
850495
850496
850497
850498
850499
850500
850501
850502
850503
850504
850505
850506
850507
850508
850509
850510
850511
850513
850514
850515
850516
850517
850518
850519
850520
850521
850522
850523
850524
850527
850529
850530
850532
850534
850535
850536
850537
850538
850539
850540
850541
850543
850544
850545
850549
850550
850551
850552
850553
850554
850555
850556
850558
850559
850561
850562
850563
850565
850567
850568
850569
850570
850572
850573
850574
850576
850577
850578
850579
850580
850581
850583
850584
850585
850587
850588
850589
850590
850591
850592
850593
850594
850595
850597
850598
850599
850600
850601
850602
850603
850604
850605
850606
850607
850608
850609
850610
850611
850612
850613
850614
850616
850618
850619
850620
850621
850623
850624
850625
850626
850627
850628
850630
850631
850632
850633
850635
850636
850637
850638
850639
850641
850642
850643
850644
850645
850646
850647
850648
850649
850650
850651
850652
850653
850654
850655
850656
850657
850658
850663
850664
850665
850666
850668
850669
850670
850671
850672
850673
850674
850675
850676
850677
850678
850680
850682
850683
850684
850685
850686
850687
850688
850689
850690
850691
850692
850693
850694
850695
850696
850698
850699
850700
850701
850702
850703
850704
850705
850706
850707
850708
850709
850710
850711
850712
850713
850714
850715
850716
850717
850718
850719
850720
850721
850722
850725
850726
850727
850728
850730
850731
850732
850733
850734
850735
850736
850737
850738
850739
850740
850741
850742
850743
850744
850745
850746
850747
850748
850749
850750
850752
850753
850754
850755
850756
850757
850758
850759
850760
850761
850762
850763
850764
850766
850767
850768
850769
850770
850771
850772
850773
850774
850775
850776
850777
850778
850779
850780
850781
850782
850783
850784
850785
850786
850787
850788
850790
850792
850793
850794
850795
850796
850797
850798
850799
850800
850803
850805
850806
850807
850808
850809
850810
850811
850812
850816
850817
850818
850819
850820
850821
850822
850823
850824
850825
850826
850827
850828
850829
850830
850832
850833
850835
850836
850837
850838
850839
850840
850841
850843
850844
850845
850846
850847
850851
850852
850855
850856
850857
850859
850860
850861
850862
850863
850864
850865
850868
850869
850870
850871
850872
850873
850874
850875
850876
850877
850878
850879
850880
850882
850883
850884
850885
850886
850887
850888
850889
850890
850891
850892
850893
850894
850896
850897
850898
850900
850901
850902
850903
850904
850905
850906
850907
850908
850909
850910
850911
850912
850914
850915
850916
850917
850918
850919
850920
850921
850922
850923
850924
850928
850930
850933
850934
850935
850938
850939
850940
850941
850942
850943
850944
850945
850946
850947
850949
850950
850951
850952
850953
850955
850956
850958
850961
850962
850963
850964
850966
850967
850968
850969
850970
850971
850972
850973
850974
850976
850977
850979
850980
850981
850982
850983
850984
850987
850988
850990
850991
850992
850993
850994
850995
850996
850997
850998
850999
851000
851002
851004
851005
851006
851007
851008
851010
851013
851014
851015
851016
851017
851018
851019
851021
851022
851023
851024
851025
851027
851028
851029
851030
851032
851033
851034
851035
851036
851037
851039
851040
851041
851042
851045
851048
851049
851051
851052
851054
851055
851056
851058
851059
851060
851061
851063
851064
851065
851066
851067
851068
851069
851070
851071
851072
851073
851074
851075
851076
851077
851078
851079
851082
851083
851085
851086
851087
851088
851089
851091
851092
851095
851096
851097
851098
851099
851100
851101
851102
851103
851104
851105
851106
851107
851108
851109
851110
851111
851112
851113
851114
851115
851117
851119
851120
851121
851122
851123
851124
851125
851126
851128
851129
851130
851131
851132
851133
851135
851136
851137
851139
851140
851141
851142
851143
851145
851146
851147
851148
851150
851151
851152
851153
851154
851156
851157
851158
851159
851160
851161
851162
851164
851166
851167
851168
851169
851170
851171
851172
851173
851174
851175
851177
851178
851180
851181
851182
851183
851185
851189
851190
851191
851192
851193
851194
851195
851196
851197
851199
851200
851201
851202
851203
851204
851205
851206
851207
851208
851209
851210
851211
851212
851213
851214
851215
851216
851217
851218
851219
851220
851221
851222
851223
851224
851225
851226
851229
851230
851232
851234
851235
851236
851237
851238
851239
851240
851241
851243
851244
851245
851246
851247
851248
851249
851251
851252
851254
851255
851256
851259
851260
851261
851262
851263
851264
851265
851266
851267
851269
851271
851272
851273
851274
851275
851276
851279
851280
851281
851282
851284
851285
851286
851289
851295
851296
851299
851302
851303
851304
851306
851307
851308
851309
851310
851311
851312
851313
851314
851315
851317
851318
851319
851320
851321
851322
851323
851324
851325
851326
851327
851328
851330
851332
851333
851334
851335
851336
851337
851338
851339
851340
851342
851344
851345
851346
851347
851348
851351
851352
851353
851354
851356
851358
851359
851360
851361
851362
851363
851364
851365
851366
851367
851368
851369
851371
851372
851373
851374
851375
851376
851377
851378
851379
851380
851381
851383
851384
851385
851386
851387
851389
851391
851392
851394
851395
851396
851398
851399
851400
851401
851403
851404
851406
851407
851408
851409
851410
851411
851412
851413
851414
851415
851416
851417
851418
851419
851420
851421
851422
851423
851424
851425
851426
851427
851428
851429
851430
851431
851432
851433
851434
851435
851436
851437
851439
851440
851441
851442
851444
851445
851446
851447
851448
851449
851450
851451
851452
851453
851454
851455
851456
851457
851458
851459
851460
851461
851462
851464
851466
851467
851468
851469
851470
851471
851472
851473
851474
851475
851476
851477
851478
851479
851480
851481
851482
851483
851484
851485
851486
851487
851488
851491
851492
851493
851494
851495
851497
851498
851499
851500
851501
851502
851503
851504
851506
851507
851508
851509
851511
851512
851513
851514
851515
851516
851517
851518
851520
851521
851522
851524
851525
851527
851529
851530
851531
851532
851533
851535
851536
851537
851539
851541
851542
851543
851544
851545
851547
851548
851549
851550
851551
851554
851557
851558
851559
851560
851561
851562
851563
851564
851565
851566
851567
851568
851569
851570
851572
851574
851575
851576
851577
851579
851580
851581
851582
851583
851584
851585
851587
851589
851590
851591
851592
851594
851595
851596
851597
851598
851602
851604
851605
851606
851607
851608
851609
851610
851611
851612
851613
851614
851615
851616
851617
851618
851620
851621
851623
851624
851625
851626
851627
851628
851631
851632
851633
851634
851635
851636
851637
851638
851639
851640
851641
851642
851643
851644
851645
851646
851647
851648
851649
851650
851651
851652
851653
851654
851655
851656
851657
851658
851659
851660
851661
851663
851664
851665
851666
851667
851670
851671
851672
851676
851677
851678
851681
851682
851683
851685
851686
851687
851688
851690
851691
851692
851693
851694
851695
851696
851697
851698
851699
851700
851701
851702
851703
851704
851705
851706
851707
851708
851709
851710
851712
851713
851714
851716
851717
851719
851720
851721
851722
851723
851724
851725
851726
851727
851729
851730
851731
851733
851734
851736
851737
851738
851739
851740
851741
851742
851743
851744
851745
851746
851747
851748
851751
851752
851753
851754
851755
851756
851757
851758
851759
851760
851761
851762
851763
851764
851765
851766
851767
851768
851770
851771
851772
851774
851775
851776
851777
851778
851779
851781
851782
851784
851785
851786
851787
851788
851789
851790
851792
851797
851798
851799
851800
851802
851803
851804
851805
851807
851808
851809
851810
851811
851812
851814
851815
851817
851818
851819
851820
851821
851822
851823
851824
851825
851827
851829
851830
851831
851832
851833
851834
851835
851836
851838
851839
851840
851841
851842
851843
851844
851845
851846
851847
851848
851850
851855
851856
851857
851858
851859
851860
851861
851862
851865
851866
851868
851869
851870
851873
851874
851875
851876
851877
851878
851879
851880
851881
851882
851884
851885
851886
851887
851888
851889
851890
851891
851892
851893
851895
851896
851897
851898
851899
851900
851902
851903
851904
851905
851906
851907
851908
851909
851910
851911
851915
851916
851917
851918
851920
851921
851922
851923
851924
851925
851926
851928
851929
851930
851931
851932
851933
851934
851935
851936
851937
851938
851939
851942
851943
851944
851946
851947
851948
851949
851950
851952
851953
851954
851955
851956
851957
851959
851960
851962
851963
851964
851965
851967
851968
851969
851972
851973
851974
851975
851976
851977
851978
851979
851980
851981
851982
851983
851984
851985
851986
851987
851988
851989
851990
851991
851992
851993
851994
851995
851996
851997
851998
852000
852001
852002
852003
852004
852006
852007
852008
852009
852011
852012
852013
852014
852015
852016
852017
852018
852019
852020
852021
852023
852024
852025
852026
852028
852030
852031
852032
852033
852034
852035
852038
852039
852041
852042
852044
852045
852046
852047
852048
852049
852050
852051
852053
852054
852057
852058
852059
852060
852061
852062
852063
852064
852065
852066
852068
852069
852070
852071
852072
852073
852074
852075
852076
852077
852079
852080
852081
852082
852083
852084
852086
852087
852088
852089
852090
852091
852092
852093
852094
852095
852096
852097
852098
852099
852100
852101
852102
852104
852105
852106
852107
852108
852109
852110
852111
852112
852113
852114
852115
852116
852117
852119
852121
852122
852123
852124
852125
852126
852127
852128
852129
852130
852131
852133
852134
852135
852136
852138
852139
852141
852142
852143
852144
852145
852146
852147
852149
852150
852152
852153
852154
852155
852158
852159
852160
852161
852163
852167
852168
852169
852170
852171
852172
852173
852174
852177
852179
852180
852181
852184
852185
852186
852187
852188
852189
852190
852191
852192
852193
852194
852196
852197
852198
852199
852200
852202
852203
852205
852206
852207
852209
852211
852212
852214
852215
852216
852218
852219
852220
852221
852222
852223
852224
852225
852226
852228
852229
852230
852231
852233
852234
852235
852236
852237
852238
852239
852240
852241
852242
852243
852244
852245
852246
852247
852248
852249
852250
852251
852252
852253
852254
852255
852256
852257
852258
852259
852260
852261
852262
852263
852264
852265
852266
852269
852270
852271
852273
852274
852275
852276
852277
852278
852282
852283
852284
852285
852286
852287
852288
852289
852290
852291
852292
852293
852294
852295
852296
852300
852302
852303
852304
852305
852306
852307
852308
852309
852310
852311
852312
852313
852314
852316
852317
852318
852319
852321
852322
852323
852324
852325
852326
852327
852328
852329
852330
852331
852332
852334
852335
852336
852337
852338
852340
852341
852342
852343
852344
852346
852348
852349
852350
852351
852352
852353
852354
852356
852357
852358
852359
852360
852361
852362
852363
852364
852365
852366
852368
852369
852370
852371
852372
852373
852376
852377
852378
852379
852380
852381
852382
852383
852385
852386
852387
852388
852389
852390
852391
852392
852393
852394
852395
852397
852398
852399
852401
852402
852403
852404
852405
852406
852407
852408
852410
852411
852412
852414
852415
852416
852417
852418
852419
852421
852422
852423
852424
852425
852426
852427
852428
852429
852431
852432
852433
852434
852435
852436
852437
852438
852439
852440
852442
852443
852444
852445
852446
852447
852448
852449
852450
852451
852452
852453
852454
852455
852456
852457
852458
852459
852460
852461
852462
852463
852464
852465
852466
852467
852468
852469
852470
852471
852472
852474
852476
852477
852478
852479
852480
852481
852482
852483
852484
852485
852486
852487
852489
852491
852492
852493
852494
852495
852496
852497
852498
852499
852500
852501
852502
852503
852504
852506
852507
852511
852512
852513
852514
852515
852516
852517
852518
852519
852520
852521
852522
852523
852525
852526
852528
852529
852530
852531
852532
852533
852536
852537
852538
852539
852540
852541
852542
852543
852544
852545
852546
852547
852548
852549
852551
852552
852553
852554
852555
852556
852557
852558
852559
852560
852561
852562
852563
852564
852565
852566
852567
852568
852569
852571
852572
852573
852574
852575
852576
852577
852578
852579
852580
852582
852583
852584
852585
852586
852587
852588
852589
852590
852591
852592
852593
852594
852596
852597
852598
852599
852600
852601
852602
852603
852606
852607
852608
852609
852610
852611
852612
852614
852615
852616
852617
852618
852619
852620
852621
852622
852623
852624
852625
852626
852628
852629
852630
852631
852632
852633
852634
852635
852636
852637
852638
852639
852640
852641
852642
852643
852644
852645
852646
852647
852648
852649
852650
852651
852652
852654
852655
852657
852659
852660
852661
852662
852663
852664
852665
852666
852667
852670
852672
852673
852675
852676
852678
852679
852680
852681
852683
852684
852685
852686
852688
852689
852690
852691
852692
852694
852695
852696
852697
852699
852700
852701
852702
852703
852704
852705
852707
852708
852709
852710
852712
852713
852714
852715
852716
852717
852719
852720
852721
852722
852724
852726
852728
852729
852730
852731
852732
852733
852734
852735
852736
852737
852738
852739
852740
852741
852742
852743
852744
852746
852747
852748
852749
852750
852751
852752
852753
852754
852755
852756
852757
852758
852761
852762
852763
852764
852765
852766
852767
852768
852770
852771
852772
852773
852774
852775
852777
852778
852779
852780
852782
852783
852785
852786
852787
852788
852789
852790
852791
852793
852794
852795
852796
852797
852798
852799
852800
852801
852802
852803
852804
852805
852806
852809
852810
852811
852813
852814
852815
852816
852817
852818
852819
852820
852821
852822
852823
852824
852825
852826
852828
852830
852832
852833
852834
852835
852837
852838
852839
852842
852844
852845
852846
852847
852848
852850
852851
852852
852853
852854
852856
852857
852858
852860
852861
852862
852863
852864
852865
852866
852867
852868
852869
852870
852871
852872
852873
852874
852875
852876
852878
852879
852880
852881
852882
852883
852884
852885
852886
852887
852888
852889
852890
852891
852892
852893
852895
852896
852897
852898
852899
852900
852901
852902
852903
852904
852905
852908
852910
852911
852913
852915
852916
852918
852919
852920
852921
852922
852923
852924
852925
852926
852928
852929
852931
852932
852933
852934
852935
852937
852938
852939
852940
852941
852943
852944
852945
852946
852947
852948
852949
852950
852951
852952
852953
852955
852956
852957
852958
852960
852961
852962
852963
852964
852966
852967
852968
852969
852970
852971
852972
852973
852974
852975
852976
852977
852978
852979
852980
852982
852983
852984
852985
852986
852987
852988
852989
852990
852991
852992
852993
852994
852995
852996
852997
852998
853002
853003
853007
853008
853009
853010
853011
853014
853015
853016
853017
853019
853020
853023
853025
853026
853027
853028
853029
853030
853031
853032
853033
853034
853035
853036
853037
853039
853041
853042
853043
853045
853047
853048
853049
853050
853051
853052
853053
853056
853057
853058
853059
853060
853061
853062
853064
853065
853066
853071
853072
853075
853076
853077
853078
853079
853080
853081
853082
853083
853085
853086
853088
853089
853090
853091
853093
853095
853096
853097
853098
853099
853100
853102
853104
853106
853107
853108
853109
853110
853111
853112
853113
853114
853115
853116
853117
853118
853119
853120
853121
853122
853123
853124
853125
853126
853127
853128
853129
853130
853131
853133
853135
853136
853137
853138
853139
853140
853142
853144
853145
853146
853147
853148
853149
853150
853151
853152
853153
853154
853155
853157
853158
853159
853160
853161
853162
853163
853164
853165
853166
853167
853168
853169
853170
853172
853173
853174
853175
853177
853178
853179
853181
853182
853183
853185
853186
853187
853188
853190
853191
853192
853193
853194
853195
853196
853197
853198
853199
853200
853201
853202
853203
853204
853205
853207
853209
853210
853212
853214
853216
853217
853218
853219
853221
853222
853223
853224
853225
853226
853227
853229
853230
853232
853235
853236
853237
853238
853241
853242
853243
853244
853246
853247
853248
853249
853250
853252
853253
853254
853255
853256
853257
853259
853260
853261
853262
853264
853265
853266
853267
853268
853269
853271
853272
853273
853274
853275
853276
853277
853279
853280
853281
853282
853283
853286
853287
853288
853290
853292
853293
853294
853295
853296
853297
853298
853300
853301
853302
853303
853304
853305
853307
853308
853309
853310
853311
853312
853313
853315
853316
853317
853318
853319
853320
853322
853323
853325
853326
853327
853332
853333
853334
853336
853337
853338
853339
853340
853341
853342
853344
853345
853346
853347
853348
853349
853350
853351
853352
853353
853354
853355
853356
853358
853359
853361
853362
853363
853364
853365
853366
853367
853368
853369
853371
853372
853373
853375
853376
853377
853379
853381
853382
853383
853384
853385
853386
853387
853388
853389
853390
853391
853392
853393
853394
853395
853396
853397
853398
853399
853400
853401
853405
853406
853407
853408
853409
853410
853413
853414
853416
853417
853418
853419
853421
853422
853423
853425
853426
853427
853428
853429
853432
853433
853434
853436
853438
853439
853441
853442
853445
853447
853450
853452
853453
853454
853455
853456
853457
853458
853459
853460
853461
853462
853463
853464
853465
853466
853467
853468
853469
853470
853471
853472
853473
853475
853477
853478
853479
853481
853482
853483
853486
853487
853488
853489
853490
853491
853492
853494
853495
853497
853498
853499
853500
853502
853503
853504
853506
853507
853508
853509
853510
853512
853513
853514
853516
853518
853520
853521
853522
853523
853524
853525
853526
853527
853528
853529
853530
853531
853532
853534
853535
853536
853537
853538
853539
853540
853541
853542
853543
853544
853545
853546
853547
853550
853551
853552
853553
853554
853555
853556
853557
853558
853559
853560
853561
853562
853563
853565
853566
853567
853568
853569
853570
853571
853572
853574
853575
853576
853578
853579
853580
853581
853582
853583
853584
853585
853588
853589
853590
853592
853593
853594
853595
853596
853597
853598
853599
853600
853601
853602
853603
853604
853605
853606
853607
853608
853609
853610
853611
853612
853613
853614
853615
853616
853617
853618
853619
853620
853621
853623
853624
853625
853626
853628
853629
853630
853631
853632
853634
853635
853636
853638
853639
853640
853641
853642
853643
853644
853646
853647
853648
853649
853650
853651
853652
853653
853656
853658
853659
853660
853662
853663
853664
853665
853666
853667
853668
853669
853670
853671
853673
853674
853675
853677
853678
853679
853680
853681
853682
853683
853684
853686
853687
853688
853690
853692
853693
853695
853696
853697
853698
853699
853700
853701
853702
853706
853707
853708
853709
853710
853712
853713
853714
853715
853716
853717
853718
853720
853721
853723
853724
853725
853727
853728
853729
853730
853732
853733
853734
853735
853737
853738
853739
853741
853743
853744
853746
853747
853748
853750
853751
853753
853754
853755
853756
853757
853758
853760
853761
853762
853763
853765
853766
853767
853768
853769
853770
853771
853772
853773
853774
853775
853776
853777
853778
853780
853781
853782
853783
853784
853785
853787
853788
853789
853790
853792
853793
853794
853796
853798
853800
853801
853802
853803
853804
853805
853806
853807
853808
853809
853810
853811
853812
853814
853815
853816
853817
853818
853819
853820
853821
853822
853823
853824
853825
853826
853827
853828
853829
853830
853832
853833
853834
853836
853839
853840
853841
853842
853843
853844
853845
853846
853847
853848
853849
853850
853851
853852
853853
853854
853855
853857
853858
853859
853860
853861
853862
853863
853864
853865
853866
853867
853868
853869
853870
853871
853872
853873
853874
853875
853876
853877
853878
853880
853881
853882
853884
853885
853886
853887
853888
853889
853890
853891
853892
853893
853894
853895
853896
853898
853899
853900
853901
853902
853904
853906
853908
853909
853910
853912
853914
853916
853917
853918
853919
853920
853922
853923
853924
853925
853926
853927
853928
853929
853930
853931
853932
853933
853934
853935
853936
853937
853938
853939
853940
853941
853942
853943
853944
853945
853946
853949
853950
853951
853952
853953
853954
853955
853956
853957
853958
853959
853960
853961
853962
853963
853964
853965
853966
853967
853968
853969
853970
853971
853972
853973
853974
853975
853976
853977
853978
853979
853980
853981
853982
853983
853984
853985
853986
853988
853989
853990
853991
853992
853994
853995
853996
853997
853999
854000
854001
854002
854003
854005
854006
854007
854008
854009
854010
854011
854012
854013
854014
854016
854017
854018
854019
854020
854021
854024
854025
854026
854027
854028
854029
854030
854032
854033
854034
854035
854036
854037
854038
854039
854040
854042
854043
854046
854047
854050
854051
854052
854053
854055
854056
854057
854058
854059
854060
854061
854062
854063
854064
854065
854066
854067
854068
854070
854071
854072
854073
854075
854076
854077
854078
854079
854080
854081
854082
854083
854084
854085
854086
854087
854088
854089
854090
854091
854092
854093
854094
854095
854097
854098
854099
854102
854103
854104
854105
854106
854108
854109
854110
854111
854113
854114
854115
854116
854117
854118
854119
854120
854123
854124
854125
854126
854127
854128
854129
854130
854131
854133
854134
854135
854136
854138
854139
854141
854142
854143
854144
854145
854146
854149
854150
854151
854152
854153
854154
854155
854156
854157
854158
854159
854160
854161
854162
854163
854164
854165
854166
854167
854168
854170
854171
854173
854174
854175
854177
854179
854181
854182
854183
854184
854185
854186
854187
854188
854190
854191
854192
854193
854195
854196
854197
854198
854199
854200
854201
854202
854203
854204
854205
854206
854208
854209
854210
854211
854212
854213
854214
854216
854217
854220
854221
854222
854223
854225
854226
854227
854228
854229
854230
854231
854232
854233
854234
854235
854236
854237
854240
854241
854242
854243
854244
854245
854246
854247
854248
854249
854251
854252
854253
854255
854256
854257
854258
854259
854260
854261
854262
854263
854264
854265
854266
854267
854268
854270
854271
854272
854273
854274
854275
854276
854277
854278
854279
854280
854281
854282
854283
854284
854285
854286
854287
854289
854290
854291
854292
854293
854294
854295
854296
854297
854299
854300
854301
854302
854303
854305
854306
854307
854309
854310
854314
854315
854317
854318
854319
854320
854321
854322
854323
854324
854325
854326
854327
854328
854329
854330
854331
854332
854333
854334
854335
854336
854337
854338
854339
854342
854343
854344
854345
854346
854347
854349
854350
854351
854352
854353
854354
854355
854356
854357
854358
854359
854360
854361
854362
854363
854364
854368
854369
854370
854371
854372
854373
854376
854377
854379
854380
854381
854382
854383
854384
854385
854386
854388
854389
854390
854391
854392
854394
854395
854396
854397
854398
854399
854401
854402
854403
854404
854405
854406
854407
854408
854409
854411
854412
854413
854414
854415
854416
854417
854418
854419
854420
854421
854423
854424
854425
854426
854427
854428
854429
854430
854431
854433
854434
854435
854436
854437
854439
854440
854441
854442
854443
854444
854445
854446
854447
854448
854449
854450
854452
854453
854454
854456
854457
854458
854459
854460
854462
854463
854465
854466
854467
854468
854469
854470
854471
854472
854473
854474
854475
854477
854479
854480
854481
854482
854483
854484
854485
854487
854488
854489
854490
854493
854494
854495
854497
854498
854499
854500
854501
854503
854504
854505
854506
854507
854508
854509
854511
854513
854514
854515
854516
854517
854518
854519
854520
854525
854527
854529
854530
854531
854532
854533
854534
854535
854536
854537
854538
854539
854540
854541
854542
854543
854544
854545
854548
854549
854550
854551
854552
854553
854554
854555
854556
854557
854559
854560
854562
854563
854564
854565
854566
854567
854568
854569
854570
854571
854572
854573
854575
854576
854631
854632
854633
854634
854636
854637
854638
854639
854640
854641
854642
854643
854644
854645
854646
854647
854648
854649
854650
854651
854652
854653
854654
854655
854656
854657
854658
854659
854660
854661
854662
854663
854664
854666
854667
854668
854669
854670
854671
854672
854673
854674
854675
854676
854677
854678
854679
854680
854681
854682
854683
854684
854685
854686
854687
854688
854689
854690
854691
854692
854693
854694
854695
854696
854697
854698
854699
854700
854701
854702
854703
854704
854706
854708
854709
854710
854711
854713
854714
854715
854716
854717
854718
854719
854721
854722
854724
854725
854726
854731
854732
854733
854734
854735
854736
854737
854738
854739
854740
854741
854742
854743
854744
854745
854746
854747
854748
854749
854753
854755
854756
854757
854758
854759
854760
854761
854762
854763
854764
854765
854766
854767
854768
854769
854770
854771
854772
854773
854774
854775
854776
854777
854778
854781
854783
854785
854786
854788
854789
854790
854791
854793
854794
854795
854796
854797
854799
854801
854802
854804
854805
854806
854808
854809
854810
854811
854812
854813
854814
854815
854816
854817
854818
854819
854820
854821
854822
854824
854825
854826
854827
854828
854829
854830
854831
854833
854834
854835
854836
854837
854839
854840
854841
854842
854843
854844
854845
854846
854847
854848
854849
854850
854851
854852
854853
854854
854855
854856
854857
854859
854860
854861
854862
854863
854864
854865
854866
854867
854868
854869
854871
854872
854874
854875
854876
854877
854878
854879
854881
854882
854883
854886
854887
854888
854891
854892
854893
854894
854895
854896
854897
854898
854899
854900
854901
854902
854903
854904
854906
854907
854908
854909
854910
854911
854912
854913
854914
854915
854916
854918
854919
854920
854921
854922
854924
854925
854926
854927
854928
854929
854930
854931
854932
854933
854934
854935
854936
854937
854938
854939
854940
854941
854942
854943
854944
854945
854946
854948
854949
854950
854952
854953
854954
854955
854956
854957
854959
854960
854964
854965
854966
854970
854971
854972
854973
854974
854976
854977
854978
854979
854980
854981
854982
854983
854984
854985
854986
854987
854988
854989
854990
854991
854992
854993
854994
854995
854997
854998
854999
855002
855003
855004
855005
855006
855008
855009
855010
855011
855012
855013
855014
855015
855016
855017
855018
855020
855021
855022
855023
855025
855026
855029
855030
855031
855032
855033
855034
855035
855036
855037
855039
855040
855041
855042
855043
855044
855045
855047
855048
855049
855050
855051
855052
855053
855054
855055
855056
855057
855059
855060
855061
855063
855066
855067
855068
855073
855075
855076
855077
855078
855080
855081
855082
855083
855084
855085
855086
855087
855088
855089
855090
855091
855092
855093
855094
855095
855096
855097
855099
855101
855102
855103
855104
855105
855107
855108
855109
855110
855112
855113
855114
855115
855117
855118
855119
855120
855121
855122
855123
855125
855126
855127
855128
855130
855131
855132
855134
855136
855137
855138
855139
855140
855141
855142
855143
855144
855145
855147
855149
855150
855152
855153
855154
855155
855156
855157
855158
855159
855160
855161
855162
855163
855164
855166
855167
855168
855169
855170
855171
855173
855174
855175
855176
855177
855178
855179
855180
855182
855183
855184
855186
855187
855188
855189
855190
855192
855194
855195
855196
855197
855198
855200
855201
855202
855203
855204
855205
855206
855207
855208
855210
855212
855213
855214
855215
855216
855217
855218
855219
855220
855221
855222
855223
855224
855225
855226
855227
855228
855229
855230
855231
855232
855235
855236
855237
855238
855239
855240
855241
855242
855243
855244
855245
855246
855247
855248
855249
855250
855251
855252
855253
855254
855255
855256
855258
855259
855260
855261
855262
855263
855264
855265
855266
855267
855268
855269
855270
855271
855272
855273
855274
855275
855276
855277
855278
855280
855281
855282
855283
855284
855285
855287
855288
855289
855291
855292
855293
855294
855295
855297
855298
855299
855300
855301
855302
855303
855304
855305
855306
855307
855308
855309
855310
855311
855312
855313
855315
855316
855317
855318
855319
855320
855321
855322
855323
855324
855325
855326
855328
855329
855330
855331
855332
855333
855335
855336
855337
855338
855339
855341
855342
855343
855344
855345
855346
855347
855348
855349
855350
855352
855353
855355
855356
855357
855358
855359
855360
855361
855362
855363
855364
855365
855366
855368
855369
855371
855372
855375
855377
855380
855382
855383
855384
855385
855386
855387
855388
855389
855392
855393
855394
855395
855396
855398
855400
855401
855402
855403
855404
855405
855406
855407
855408
855409
855410
855411
855412
855414
855415
855416
855417
855418
855420
855421
855422
855423
855424
855425
855426
855427
855428
855429
855430
855436
855438
855439
855440
855441
855442
855443
855444
855446
855447
855448
855449
855450
855451
855452
855453
855454
855456
855457
855458
855459
855460
855461
855462
855463
855464
855465
855466
855467
855468
855469
855470
855471
855472
855473
855474
855475
855476
855477
855478
855479
855480
855481
855482
855483
855484
855485
855487
855488
855489
855490
855491
855492
855495
855496
855497
855498
855499
855500
855501
855502
855503
855504
855505
855506
855507
855508
855509
855510
855511
855512
855513
855514
855515
855517
855518
855520
855521
855522
855524
855525
855526
855527
855528
855529
855530
855531
855532
855533
855534
855535
855536
855537
855538
855539
855540
855541
855543
855544
855547
855548
855549
855552
855553
855554
855555
855556
855557
855558
855559
855560
855561
855562
855563
855564
855565
855566
855567
855568
855569
855570
855571
855573
855574
855575
855576
855577
855578
855579
855580
855581
855582
855583
855584
855585
855586
855587
855588
855589
855591
855592
855593
855594
855595
855596
855597
855598
855599
855600
855601
855602
855603
855605
855606
855607
855608
855609
855611
855612
855613
855615
855616
855618
855619
855620
855621
855622
855623
855624
855625
855626
855628
855629
855630
855631
855632
855633
855634
855636
855637
855638
855639
855640
855641
855642
855643
855644
855645
855646
855647
855648
855649
855650
855651
855652
855653
855654
855655
855656
855658
855659
855660
855661
855662
855663
855664
855667
855668
855669
855672
855673
855674
855675
855676
855677
855678
855679
855680
855681
855682
855683
855686
855687
855688
855689
855690
855691
855692
855695
855697
855698
855699
855700
855701
855703
855704
855705
855706
855707
855708
855709
855710
855711
855712
855713
855716
855717
855718
855720
855721
855722
855723
855724
855725
855726
855727
855728
855729
855730
855731
855732
855736
855737
855738
855739
855741
855742
855743
855744
855745
855746
855747
855748
855749
855750
855751
855752
855753
855754
855755
855756
855757
855758
855760
855761
855762
855763
855764
855765
855766
855767
855768
855769
855770
855771
855772
855773
855774
855775
855776
855778
855779
855780
855781
855782
855783
855784
855785
855787
855788
855789
855790
855792
855793
855794
855795
855796
855797
855798
855799
855800
855801
855802
855803
855804
855805
855806
855807
855808
855809
855810
855811
855812
855818
855819
855820
855821
855822
855824
855825
855826
855827
855828
855829
855830
855831
855832
855833
855834
855835
855836
855837
855838
855840
855841
855842
855843
855844
855845
855847
855849
855850
855851
855852
855853
855854
855855
855856
855857
855858
855859
855860
855861
855862
855863
855864
855865
855866
855867
855869
855870
855871
855872
855873
855874
855875
855876
855877
855878
855879
855880
855881
855882
855883
855884
855885
855886
855887
855888
855889
855890
855891
855892
855893
855894
855895
855897
855898
855899
855900
855901
855902
855903
855905
855906
855907
855908
855909
855910
855911
855912
855913
855914
855916
855917
855918
855919
855920
855922
855923
855925
855926
855927
855928
855929
855930
855931
855932
855933
855934
855935
855936
855937
855938
855939
855940
855941
855942
855943
855944
855945
855946
855947
855948
855949
855950
855951
855952
855953
855954
855955
855956
855957
855958
855959
855960
855962
855963
855964
855965
855967
855968
855969
855970
855971
855972
855973
855974
855975
855976
855978
855979
855980
855981
855982
855983
855984
855985
855986
855987
855988
855990
855991
855993
855994
855995
855996
855997
855998
855999
856000
856001
856002
856004
856005
856006
856007
856008
856009
856010
856011
856012
856013
856014
856015
856016
856017
856018
856019
856020
856021
856022
856023
856024
856026
856027
856028
856029
856030
856031
856032
856034
856035
856036
856037
856038
856039
856040
856041
856042
856044
856045
856047
856048
856049
856050
856051
856052
856053
856054
856055
856056
856057
856058
856059
856060
856061
856062
856063
856065
856066
856067
856068
856069
856070
856071
856072
856074
856075
856076
856077
856078
856079
856080
856081
856083
856084
856085
856086
856087
856088
856089
856090
856091
856092
856093
856094
856095
856096
856097
856098
856099
856100
856101
856102
856103
856104
856105
856106
856107
856108
856111
856112
856113
856114
856115
856117
856118
856119
856121
856123
856125
856126
856128
856129
856130
856131
856132
856133
856134
856135
856136
856137
856138
856140
856141
856142
856143
856144
856145
856146
856147
856148
856149
856152
856153
856154
856155
856156
856158
856159
856160
856161
856162
856163
856165
856167
856168
856169
856170
856171
856173
856174
856175
856176
856178
856179
856181
856182
856183
856184
856186
856187
856188
856191
856193
856194
856195
856196
856197
856198
856199
856200
856201
856203
856204
856207
856208
856209
856210
856211
856212
856213
856214
856216
856217
856218
856219
856220
856221
856222
856223
856225
856226
856227
856228
856229
856230
856231
856232
856233
856234
856236
856237
856239
856240
856241
856243
856245
856246
856247
856249
856250
856251
856252
856253
856254
856255
856260
856261
856262
856263
856264
856267
856268
856270
856271
856272
856274
856275
856276
856277
856278
856279
856280
856281
856284
856287
856289
856290
856291
856292
856293
856294
856296
856297
856298
856301
856302
856303
856304
856305
856306
856307
856309
856310
856311
856312
856313
856314
856315
856316
856317
856318
856319
856320
856321
856322
856323
856324
856326
856327
856329
856330
856331
856332
856337
856338
856339
856341
856342
856343
856345
856346
856347
856349
856350
856351
856352
856353
856354
856355
856356
856357
856358
856359
856360
856361
856362
856364
856365
856366
856367
856368
856369
856370
856371
856372
856373
856374
856375
856376
856377
856380
856381
856382
856383
856384
856386
856387
856388
856389
856390
856391
856392
856393
856394
856395
856397
856398
856399
856400
856401
856402
856403
856404
856405
856408
856409
856410
856412
856413
856415
856416
856417
856419
856420
856421
856422
856423
856424
856425
856426
856427
856428
856429
856430
856431
856432
856433
856434
856436
856437
856438
856439
856440
856441
856442
856443
856444
856445
856447
856448
856449
856450
856451
856452
856453
856454
856455
856456
856457
856458
856459
856460
856461
856462
856463
856464
856465
856466
856467
856468
856470
856471
856472
856473
856474
856475
856476
856477
856478
856479
856480
856481
856482
856483
856484
856485
856486
856487
856488
856489
856490
856491
856492
856494
856496
856497
856498
856499
856500
856501
856502
856503
856504
856505
856506
856507
856508
856509
856510
856511
856512
856513
856514
856515
856516
856517
856518
856519
856520
856521
856522
856523
856524
856527
856528
856529
856530
856532
856533
856534
856535
856536
856537
856538
856539
856540
856541
856543
856544
856545
856546
856547
856548
856551
856552
856553
856554
856555
856556
856557
856558
856559
856560
856561
856562
856563
856564
856565
856566
856567
856568
856569
856570
856571
856572
856573
856575
856576
856577
856579
856580
856581
856582
856583
856584
856587
856588
856589
856590
856591
856593
856594
856595
856596
856597
856598
856599
856600
856601
856602
856603
856604
856605
856606
856607
856608
856609
856610
856611
856612
856613
856614
856615
856616
856617
856618
856620
856625
856626
856628
856630
856633
856634
856636
856637
856638
856639
856640
856642
856643
856644
856645
856647
856648
856649
856650
856652
856653
856654
856655
856656
856657
856658
856659
856660
856662
856663
856664
856667
856668
856669
856670
856671
856672
856673
856674
856675
856676
856677
856680
856681
856682
856683
856686
856687
856688
856689
856690
856691
856693
856694
856695
856696
856697
856698
856699
856700
856702
856704
856705
856709
856711
856712
856713
856714
856715
856716
856717
856718
856719
856720
856721
856722
856723
856724
856725
856726
856727
856728
856729
856731
856732
856734
856735
856736
856737
856738
856739
856740
856741
856742
856743
856744
856745
856746
856749
856750
856751
856752
856753
856754
856755
856756
856757
856758
856759
856760
856761
856762
856763
856764
856765
856766
856767
856768
856769
856770
856771
856772
856774
856775
856776
856777
856778
856779
856780
856781
856782
856783
856784
856785
856786
856787
856788
856789
856790
856791
856792
856793
856794
856796
856797
856799
856800
856802
856803
856804
856805
856807
856809
856810
856811
856812
856813
856814
856815
856816
856817
856818
856819
856820
856821
856822
856823
856824
856825
856827
856828
856829
856830
856831
856832
856835
856836
856837
856838
856839
856840
856841
856842
856843
856844
856845
856846
856847
856848
856849
856850
856851
856852
856853
856854
856855
856856
856858
856859
856860
856861
856862
856863
856864
856865
856866
856867
856868
856869
856870
856873
856876
856877
856879
856880
856882
856883
856884
856885
856886
856887
856888
856889
856890
856891
856892
856893
856895
856896
856897
856898
856899
856900
856901
856903
856904
856906
856908
856909
856910
856911
856912
856913
856914
856915
856916
856917
856918
856919
856920
856921
856922
856923
856924
856925
856926
856927
856928
856931
856932
856933
856934
856935
856937
856939
1466398
1466399
1466401
1466402
1466403
1466404
1466409
1466410
1466411
1466415
1466416
1466417
1466418
1466419
1466422
1466423
1466424
1466426
1466427
1466428
1466430
1466431
1466432
1466433
1466434
1466435
1466436
1466437
1466438
1466439
1466440
1466441
1466442
1466443
1466444
1466445
1466446
1466447
1466448
1466449
1466450
1466451
1466452
1466453
1466454
1466455
1466456
1466457
1466458
1466459
1466460
1466461
1466462
1466463
1466464
1466465
1466466
1466467
1466468
1466469
1466470
1466471
1466472
1466473
1466474
1466475
1466476
1466477
1466478
1466479
1466480
1466481
1466482
1466483
1466485
1466486
1466487
1466488
1466489
1466490
1466491
1466492
1466493
1466494
1466495
1466496
1466497
1466498
1466499
1466501
1466502
1466503
1466504
1466505
1466506
1466507
1466508
1466509
1466510
1466511
1466512
1466513
1466514
1466515
1466517
1466518
1466519
1466520
1466521
1466522
1466523
1466524
1466525
1466527
1466528
1466529
1466530
1466531
1466533
1466536
1466537
1466538
1500485
1500486
1500487
1500489
2732686
2746858
2777172
2827704
2827705
2827706
3077354
3077355
3289591
